\\ 
\begin{tikzpicture}
  \begin{axis}[
    title={Workingkiller,  100\% iterations},
    xlabel={Edges},
    ylabel={Iterations},
    grid=major,
    width=10cm,
    height=6cm
  ]
  \addplot coordinates {
    (4, 0)    (4, 0)    (5, 0)    (6, 0)    (6, 0)    (6, 0)    (6, 0)    (7, 0)    (7, 0)    (7, 0)    (7, 0)    (7, 1)    (8, 0)    (9, 0)    (9, 0)    (10, 0)    (10, 0)    (10, 0)    (10, 0)    (10, 1)    (11, 0)    (12, 0)    (12, 0)    (13, 0)    (14, 1)    (15, 0)    (15, 0)    (16, 0)    (17, 0)    (17, 0)    (17, 0)    (17, 0)    (18, 0)    (18, 0)    (18, 0)    (18, 0)    (20, 0)    (20, 0)    (20, 0)    (20, 3)    (21, 0)    (21, 0)    (22, 0)    (23, 0)    (23, 0)    (23, 0)    (24, 0)    (24, 0)    (24, 0)    (24, 0)    (24, 0)    (25, 0)    (25, 0)    (25, 0)    (27, 0)    (27, 0)    (27, 0)    (28, 0)    (28, 0)    (29, 0)    (29, 0)    (29, 0)    (30, 0)    (30, 3)    (31, 0)    (31, 0)    (31, 0)    (31, 0)    (31, 0)    (33, 0)    (33, 0)    (33, 0)    (34, 0)    (34, 0)    (36, 0)    (36, 0)    (36, 3)    (37, 0)    (37, 0)    (38, 0)    (38, 0)    (39, 0)    (41, 0)    (43, 0)    (43, 0)    (43, 0)    (44, 0)    (44, 0)    (45, 0)    (45, 0)    (45, 2)    (46, 0)    (48, 0)    (49, 0)    (51, 0)    (52, 0)    (56, 0)    (61, 0)    (62, 0)    (62, 0)    (63, 0)    (66, 0)    (70, 0)    (74, 0)    (76, 0)    (92, 0)    (96, 0)  };
  \end{axis}
\end{tikzpicture}
\\ 
\begin{tikzpicture}
  \begin{axis}[
    title={Workingkiller,  100\% not killed},
    xlabel={Edges},
    ylabel={Failed Edges in Percent},
    grid=major,
    width=10cm,
    height=6cm
  ]
  \addplot[color=red, mark=*] coordinates {
    (4, 100.0)    (4, 100.0)    (5, 100.0)    (6, 100.0)    (6, 100.0)    (6, 100.0)    (6, 100.0)    (7, 100.0)    (7, 100.0)    (7, 100.0)    (7, 100.0)    (7, 85.71428571428571)    (8, 100.0)    (9, 100.0)    (9, 100.0)    (10, 100.0)    (10, 100.0)    (10, 100.0)    (10, 100.0)    (10, 80.0)    (11, 100.0)    (12, 100.0)    (12, 100.0)    (13, 100.0)    (14, 78.57142857142857)    (15, 100.0)    (15, 100.0)    (16, 100.0)    (17, 100.0)    (17, 100.0)    (17, 100.0)    (17, 100.0)    (18, 100.0)    (18, 100.0)    (18, 100.0)    (18, 100.0)    (20, 100.0)    (20, 100.0)    (20, 100.0)    (20, 0.0)    (21, 100.0)    (21, 100.0)    (22, 100.0)    (23, 100.0)    (23, 100.0)    (23, 100.0)    (24, 100.0)    (24, 100.0)    (24, 100.0)    (24, 100.0)    (24, 100.0)    (25, 100.0)    (25, 100.0)    (25, 100.0)    (27, 100.0)    (27, 100.0)    (27, 100.0)    (28, 100.0)    (28, 100.0)    (29, 100.0)    (29, 100.0)    (29, 100.0)    (30, 100.0)    (30, 56.666666666666664)    (31, 100.0)    (31, 100.0)    (31, 100.0)    (31, 100.0)    (31, 100.0)    (33, 100.0)    (33, 100.0)    (33, 100.0)    (34, 100.0)    (34, 100.0)    (36, 100.0)    (36, 100.0)    (36, 0.0)    (37, 100.0)    (37, 100.0)    (38, 100.0)    (38, 100.0)    (39, 100.0)    (41, 100.0)    (43, 100.0)    (43, 100.0)    (43, 100.0)    (44, 100.0)    (44, 100.0)    (45, 100.0)    (45, 100.0)    (45, 84.44444444444444)    (46, 100.0)    (48, 100.0)    (49, 100.0)    (51, 100.0)    (52, 100.0)    (56, 100.0)    (61, 100.0)    (62, 100.0)    (62, 100.0)    (63, 100.0)    (66, 100.0)    (70, 100.0)    (74, 100.0)    (76, 100.0)    (92, 100.0)    (96, 100.0)  };
  \end{axis}
\end{tikzpicture}
\\ 
\\ 
\begin{tikzpicture}
  \begin{axis}[
    title={IterativeKiller,  100\% iterations},
    xlabel={Edges},
    ylabel={Iterations},
    grid=major,
    width=10cm,
    height=6cm
  ]
  \addplot coordinates {
    (4, 0)    (4, 0)    (5, 0)    (6, 0)    (6, 0)    (6, 0)    (6, 0)    (7, 0)    (7, 0)    (7, 0)    (7, 0)    (7, 1)    (8, 0)    (9, 0)    (9, 0)    (10, 0)    (10, 0)    (10, 0)    (10, 0)    (10, 2)    (11, 0)    (12, 0)    (12, 0)    (13, 0)    (14, 3)    (15, 0)    (15, 0)    (16, 0)    (17, 0)    (17, 0)    (17, 0)    (17, 0)    (18, 0)    (18, 0)    (18, 0)    (18, 0)    (20, 0)    (20, 0)    (20, 0)    (20, 20)    (21, 0)    (21, 0)    (22, 0)    (23, 0)    (23, 0)    (23, 0)    (24, 0)    (24, 0)    (24, 0)    (24, 0)    (24, 0)    (25, 0)    (25, 0)    (25, 0)    (27, 0)    (27, 0)    (27, 0)    (28, 0)    (28, 0)    (29, 0)    (29, 0)    (29, 0)    (30, 0)    (30, 13)    (31, 0)    (31, 0)    (31, 0)    (31, 0)    (31, 0)    (33, 0)    (33, 0)    (33, 0)    (34, 0)    (34, 0)    (36, 0)    (36, 0)    (36, 36)    (37, 0)    (37, 0)    (38, 0)    (38, 0)    (39, 0)    (41, 0)    (43, 0)    (43, 0)    (43, 0)    (44, 0)    (44, 0)    (45, 0)    (45, 0)    (45, 7)    (46, 0)    (48, 0)    (49, 0)    (51, 0)    (52, 0)    (56, 0)    (61, 0)    (62, 0)    (62, 0)    (63, 0)    (66, 0)    (70, 0)    (74, 0)    (76, 0)    (92, 0)    (96, 0)  };
  \end{axis}
\end{tikzpicture}
\\ 
\begin{tikzpicture}
  \begin{axis}[
    title={IterativeKiller,  100\% not killed},
    xlabel={Edges},
    ylabel={Failed Edges in Percent},
    grid=major,
    width=10cm,
    height=6cm
  ]
  \addplot[color=red, mark=*] coordinates {
    (4, 100.0)    (4, 100.0)    (5, 100.0)    (6, 100.0)    (6, 100.0)    (6, 100.0)    (6, 100.0)    (7, 100.0)    (7, 100.0)    (7, 100.0)    (7, 100.0)    (7, 85.71428571428571)    (8, 100.0)    (9, 100.0)    (9, 100.0)    (10, 100.0)    (10, 100.0)    (10, 100.0)    (10, 100.0)    (10, 80.0)    (11, 100.0)    (12, 100.0)    (12, 100.0)    (13, 100.0)    (14, 78.57142857142857)    (15, 100.0)    (15, 100.0)    (16, 100.0)    (17, 100.0)    (17, 100.0)    (17, 100.0)    (17, 100.0)    (18, 100.0)    (18, 100.0)    (18, 100.0)    (18, 100.0)    (20, 100.0)    (20, 100.0)    (20, 100.0)    (20, 0.0)    (21, 100.0)    (21, 100.0)    (22, 100.0)    (23, 100.0)    (23, 100.0)    (23, 100.0)    (24, 100.0)    (24, 100.0)    (24, 100.0)    (24, 100.0)    (24, 100.0)    (25, 100.0)    (25, 100.0)    (25, 100.0)    (27, 100.0)    (27, 100.0)    (27, 100.0)    (28, 100.0)    (28, 100.0)    (29, 100.0)    (29, 100.0)    (29, 100.0)    (30, 100.0)    (30, 56.666666666666664)    (31, 100.0)    (31, 100.0)    (31, 100.0)    (31, 100.0)    (31, 100.0)    (33, 100.0)    (33, 100.0)    (33, 100.0)    (34, 100.0)    (34, 100.0)    (36, 100.0)    (36, 100.0)    (36, 0.0)    (37, 100.0)    (37, 100.0)    (38, 100.0)    (38, 100.0)    (39, 100.0)    (41, 100.0)    (43, 100.0)    (43, 100.0)    (43, 100.0)    (44, 100.0)    (44, 100.0)    (45, 100.0)    (45, 100.0)    (45, 84.44444444444444)    (46, 100.0)    (48, 100.0)    (49, 100.0)    (51, 100.0)    (52, 100.0)    (56, 100.0)    (61, 100.0)    (62, 100.0)    (62, 100.0)    (63, 100.0)    (66, 100.0)    (70, 100.0)    (74, 100.0)    (76, 100.0)    (92, 100.0)    (96, 100.0)  };
  \end{axis}
\end{tikzpicture}
\\ 
\\ 
\begin{tikzpicture}
  \begin{axis}[
    title={BacktrackKiller 100\% iterations},
    xlabel={Edges},
    ylabel={Iterations},
    grid=major,
    width=10cm,
    height=6cm
  ]
  \addplot coordinates {
    (4, 0)    (6, 0)    (9, 0)    (9, 0)    (10, 0)    (12, 0)    (14, 5)    (22, 0)    (23, 0)    (24, 0)    (24, 0)    (25, 0)    (28, 0)    (28, 0)    (29, 0)    (30, 0)    (31, 0)    (31, 0)    (33, 0)    (33, 0)    (44, 0)    (44, 0)    (48, 0)    (51, 0)  };
  \end{axis}
\end{tikzpicture}
\\ 
\begin{tikzpicture}
  \begin{axis}[
    title={BacktrackKiller 100\% not killed},
    xlabel={Edges},
    ylabel={Failed Edges in Percent},
    grid=major,
    width=10cm,
    height=6cm
  ]
  \addplot[color=red, mark=*] coordinates {
    (4, 100.0)    (6, 100.0)    (9, 100.0)    (9, 100.0)    (10, 100.0)    (12, 100.0)    (14, 78.57142857142857)    (22, 100.0)    (23, 100.0)    (24, 100.0)    (24, 100.0)    (25, 100.0)    (28, 100.0)    (28, 100.0)    (29, 100.0)    (30, 100.0)    (31, 100.0)    (31, 100.0)    (33, 100.0)    (33, 100.0)    (44, 100.0)    (44, 100.0)    (48, 100.0)    (51, 100.0)  };
  \end{axis}
\end{tikzpicture}
\\ 
